0 0
3 0.0648826
32 0.0973239
36 0.108913
40 0.120503
46 0.132092
53 0.143681
64 0.155271
70 0.187988
77 0.220705
85 0.253422
96 0.286139
110 0.318856
128 0.351573
137 0.369864
146 0.388155
158 0.406446
171 0.424737
186 0.443028
205 0.461319
228 0.47961
256 0.497901
268 0.523994
282 0.550086
296 0.576179
313 0.602272
331 0.628365
352 0.654457
375 0.68055
402 0.706643
433 0.732736
469 0.758828
512 0.784921
531 0.790513
551 0.796104
573 0.801695
597 0.807286
623 0.812878
652 0.818469
683 0.82406
717 0.829652
755 0.835243
796 0.840834
843 0.846426
896 0.852017
956 0.857608
1024 0.8632
1053 0.865736
1084 0.868273
1117 0.87081
1152 0.873347
1189 0.875884
1229 0.87842
1271 0.880957
1317 0.883494
1365 0.886031
1418 0.888568
1475 0.891104
1536 0.893641
1603 0.896178
1676 0.898715
1755 0.901252
1843 0.903788
1940 0.906325
2048 0.908862
2092 0.909949
2137 0.911036
2185 0.912124
2234 0.913211
2286 0.914298
2341 0.915385
2398 0.916472
2458 0.917559
2521 0.918647
2587 0.919734
2657 0.920821
2731 0.921908
2809 0.922995
2891 0.924083
2979 0.92517
3072 0.926257
3171 0.927344
3277 0.928431
3390 0.929519
3511 0.930606
3641 0.931693
3781 0.93278
3932 0.933867
4096 0.934955
4163 0.935902
4233 0.936848
4304 0.937795
4378 0.938742
4455 0.939689
4535 0.940636
4617 0.941583
4703 0.94253
4792 0.943477
4884 0.944424
4979 0.945371
5079 0.946318
5183 0.947265
5291 0.948211
5403 0.949158
5521 0.950105
5643 0.951052
5772 0.951999
5906 0.952946
6046 0.953893
6194 0.95484
6349 0.955787
6512 0.956734
6683 0.957681
6864 0.958628
7054 0.959574
7256 0.960521
7469 0.961468
7696 0.962415
7936 0.963362
8192 0.964309
8293 0.964806
8397 0.965303
8503 0.965801
8612 0.966298
8724 0.966795
8839 0.967292
8957 0.967789
9078 0.968287
9202 0.968784
9330 0.969281
9461 0.969778
9596 0.970275
9735 0.970773
9879 0.97127
10026 0.971767
10178 0.972264
10335 0.972761
10496 0.973259
10663 0.973756
10835 0.974253
11012 0.97475
11196 0.975247
11385 0.975745
11582 0.976242
11785 0.976739
11995 0.977236
12214 0.977733
12440 0.978231
12674 0.978728
12918 0.979225
13171 0.979722
13435 0.980219
13709 0.980716
13995 0.981214
14292 0.981711
14603 0.982208
14928 0.982705
15267 0.983202
15622 0.9837
15994 0.984197
16384 0.984694
16540 0.984802
16699 0.984909
16861 0.985017
17027 0.985125
17195 0.985233
17367 0.98534
17542 0.985448
17721 0.985556
17904 0.985663
18091 0.985771
18281 0.985879
18476 0.985986
18674 0.986094
18877 0.986202
19085 0.986309
19297 0.986417
19514 0.986525
19735 0.986633
19962 0.98674
20194 0.986848
20432 0.986956
20675 0.987063
20924 0.987171
21179 0.987279
21441 0.987386
21709 0.987494
21984 0.987602
22265 0.987709
22555 0.987817
22851 0.987925
23156 0.988033
23469 0.98814
23790 0.988248
24121 0.988356
24461 0.988463
24810 0.988571
25170 0.988679
25540 0.988786
25921 0.988894
26314 0.989002
26719 0.98911
27136 0.989217
27567 0.989325
28011 0.989433
28471 0.98954
28945 0.989648
29436 0.989756
29943 0.989863
30468 0.989971
31013 0.990079
31576 0.990186
32161 0.990294
32768 0.990402
33007 0.990443
33250 0.990485
33496 0.990526
33746 0.990567
34000 0.990609
34257 0.99065
34519 0.990691
34784 0.990733
35054 0.990774
35328 0.990815
35606 0.990857
35889 0.990898
36176 0.99094
36468 0.990981
36764 0.991022
37065 0.991064
37372 0.991105
37683 0.991146
38000 0.991188
38322 0.991229
38649 0.99127
38983 0.991312
39322 0.991353
39667 0.991394
40018 0.991436
40375 0.991477
40739 0.991519
41109 0.99156
41486 0.991601
41870 0.991643
42262 0.991684
42660 0.991725
43067 0.991767
43481 0.991808
43903 0.991849
44333 0.991891
44772 0.991932
45220 0.991974
45677 0.992015
46143 0.992056
46618 0.992098
47104 0.992139
47600 0.99218
48106 0.992222
48623 0.992263
49152 0.992304
49692 0.992346
50244 0.992387
50809 0.992429
51386 0.99247
51977 0.992511
52581 0.992553
53200 0.992594
53833 0.992635
54482 0.992677
55146 0.992718
55827 0.992759
56525 0.992801
57240 0.992842
57974 0.992883
58727 0.992925
59500 0.992966
60293 0.993008
61108 0.993049
61945 0.99309
62805 0.993132
63690 0.993173
64600 0.993214
65536 0.993256
65902 0.993299
66272 0.993342
66647 0.993385
67025 0.993428
67408 0.993471
67796 0.993514
68188 0.993557
68584 0.9936
68985 0.993643
69391 0.993686
69802 0.993729
70217 0.993772
70638 0.993815
71063 0.993858
71494 0.993901
71930 0.993944
72371 0.993987
72818 0.99403
73270 0.994073
73728 0.994116
74192 0.994159
74661 0.994202
75137 0.994246
75618 0.994289
76106 0.994332
76601 0.994375
77101 0.994418
77608 0.994461
78122 0.994504
78643 0.994547
79171 0.99459
79706 0.994633
80248 0.994676
80798 0.994719
81355 0.994762
81920 0.994805
82493 0.994848
83074 0.994891
83663 0.994934
84261 0.994977
84867 0.99502
85482 0.995063
86106 0.995106
86739 0.995149
87381 0.995192
88033 0.995235
88695 0.995278
89367 0.995321
90049 0.995364
90742 0.995407
91446 0.995451
92160 0.995494
92886 0.995537
93623 0.99558
94372 0.995623
95133 0.995666
95906 0.995709
96692 0.995752
97492 0.995795
98304 0.995838
99130 0.995881
99970 0.995924
100825 0.995967
101694 0.99601
102578 0.996053
103478 0.996096
104394 0.996139
105326 0.996182
106275 0.996225
107241 0.996268
108225 0.996311
109227 0.996354
110247 0.996397
111288 0.99644
112347 0.996483
113428 0.996526
114529 0.996569
115652 0.996612
116797 0.996655
117965 0.996699
119156 0.996742
120372 0.996785
121613 0.996828
122880 0.996871
124173 0.996914
125494 0.996957
126844 0.997
128223 0.997043
129632 0.997086
131072 0.997129
131630 0.99714
132192 0.997151
132760 0.997163
133332 0.997174
133909 0.997185
134491 0.997196
135079 0.997207
135671 0.997219
136269 0.99723
136872 0.997241
137480 0.997252
138094 0.997264
138713 0.997275
139338 0.997286
139968 0.997297
140605 0.997308
141247 0.99732
141894 0.997331
142548 0.997342
143208 0.997353
143874 0.997365
144547 0.997376
145225 0.997387
145910 0.997398
146602 0.997409
147300 0.997421
148005 0.997432
148716 0.997443
149435 0.997454
150160 0.997466
150893 0.997477
151632 0.997488
152379 0.997499
153134 0.99751
153895 0.997522
154665 0.997533
155442 0.997544
156227 0.997555
157020 0.997567
157821 0.997578
158631 0.997589
159448 0.9976
160275 0.997611
161109 0.997623
161953 0.997634
162805 0.997645
163667 0.997656
164537 0.997668
165417 0.997679
166306 0.99769
167205 0.997701
168114 0.997712
169033 0.997724
169961 0.997735
170901 0.997746
171850 0.997757
172810 0.997769
173781 0.99778
174763 0.997791
175756 0.997802
176760 0.997813
177776 0.997825
178803 0.997836
179843 0.997847
180895 0.997858
181959 0.99787
183035 0.997881
184125 0.997892
185227 0.997903
186343 0.997914
187473 0.997926
188616 0.997937
189773 0.997948
190944 0.997959
192130 0.997971
193331 0.997982
194547 0.997993
195778 0.998004
197025 0.998015
198288 0.998027
199568 0.998038
200864 0.998049
202176 0.99806
203507 0.998072
204854 0.998083
206220 0.998094
207604 0.998105
209007 0.998116
210429 0.998128
211870 0.998139
213331 0.99815
214812 0.998161
216315 0.998173
217838 0.998184
219383 0.998195
220950 0.998206
222540 0.998217
224152 0.998229
225788 0.99824
227448 0.998251
229133 0.998262
230843 0.998274
232579 0.998285
234341 0.998296
236130 0.998307
237946 0.998318
239791 0.99833
241664 0.998341
243567 0.998352
245500 0.998363
247464 0.998375
249460 0.998386
251488 0.998397
253549 0.998408
255645 0.998419
257775 0.998431
259941 0.998442
262144 0.998453
263003 0.99846
263869 0.998467
264739 0.998474
265616 0.99848
266499 0.998487
267387 0.998494
268281 0.998501
269181 0.998508
270088 0.998515
271000 0.998521
271919 0.998528
272844 0.998535
273775 0.998542
274713 0.998549
275657 0.998556
276607 0.998562
277564 0.998569
278528 0.998576
279498 0.998583
280476 0.99859
281460 0.998597
282451 0.998603
283449 0.99861
284454 0.998617
285466 0.998624
286486 0.998631
287513 0.998638
288547 0.998644
289589 0.998651
290638 0.998658
291695 0.998665
292759 0.998672
293832 0.998679
294912 0.998685
296000 0.998692
297097 0.998699
298201 0.998706
299314 0.998713
300435 0.99872
301564 0.998726
302702 0.998733
303849 0.99874
305004 0.998747
306168 0.998754
307341 0.99876
308523 0.998767
309715 0.998774
310915 0.998781
312125 0.998788
313344 0.998795
314573 0.998801
315811 0.998808
317060 0.998815
318318 0.998822
319586 0.998829
320864 0.998836
322153 0.998842
323452 0.998849
324761 0.998856
326082 0.998863
327413 0.99887
328754 0.998877
330107 0.998883
331471 0.99889
332847 0.998897
334234 0.998904
335632 0.998911
337042 0.998918
338464 0.998924
339899 0.998931
341345 0.998938
342804 0.998945
344275 0.998952
345759 0.998959
347256 0.998965
348765 0.998972
350288 0.998979
351825 0.998986
353375 0.998993
354938 0.999
356516 0.999006
358107 0.999013
359713 0.99902
361334 0.999027
362969 0.999034
364618 0.999041
366283 0.999047
367964 0.999054
369659 0.999061
371371 0.999068
373098 0.999075
374841 0.999082
376601 0.999088
378378 0.999095
380171 0.999102
381981 0.999109
383809 0.999116
385654 0.999123
387517 0.999129
389398 0.999136
391298 0.999143
393216 0.99915
395153 0.999157
397109 0.999164
399085 0.99917
401080 0.999177
403096 0.999184
405132 0.999191
407188 0.999198
409266 0.999205
411364 0.999211
413485 0.999218
415627 0.999225
417792 0.999232
419979 0.999239
422190 0.999245
424424 0.999252
426681 0.999259
428963 0.999266
431269 0.999273
433600 0.99928
435957 0.999286
438339 0.999293
440748 0.9993
443183 0.999307
445645 0.999314
448134 0.999321
450652 0.999327
453198 0.999334
455773 0.999341
458378 0.999348
461012 0.999355
463677 0.999362
466372 0.999368
469100 0.999375
471859 0.999382
474651 0.999389
477477 0.999396
480336 0.999403
483229 0.999409
486158 0.999416
489122 0.999423
492123 0.99943
495161 0.999437
498236 0.999444
501350 0.99945
504504 0.999457
507697 0.999464
510930 0.999471
514206 0.999478
517523 0.999485
520884 0.999491
524288 0.999498
526844 0.999501
529425 0.999503
532031 0.999506
534663 0.999508
537322 0.999511
540006 0.999513
542718 0.999516
545458 0.999518
548225 0.999521
551020 0.999523
553844 0.999526
556697 0.999528
559579 0.999531
562492 0.999534
565435 0.999536
568408 0.999539
571414 0.999541
574451 0.999544
577521 0.999546
580624 0.999549
583760 0.999551
586931 0.999554
590136 0.999556
593376 0.999559
596652 0.999561
599964 0.999564
603313 0.999566
606700 0.999569
610125 0.999571
613590 0.999574
617093 0.999576
620637 0.999579
624222 0.999581
627848 0.999584
631517 0.999586
635229 0.999589
638985 0.999592
642786 0.999594
646632 0.999597
650524 0.999599
654463 0.999602
658451 0.999604
662487 0.999607
666573 0.999609
670710 0.999612
674899 0.999614
679140 0.999617
683435 0.999619
687784 0.999622
692190 0.999624
696652 0.999627
701172 0.999629
705750 0.999632
710390 0.999634
715090 0.999637
719853 0.999639
724680 0.999642
729573 0.999644
734531 0.999647
739558 0.99965
744654 0.999652
749820 0.999655
755059 0.999657
760371 0.99966
765759 0.999662
771224 0.999665
776767 0.999667
782390 0.99967
788096 0.999672
793885 0.999675
799760 0.999677
805723 0.99968
811775 0.999682
817919 0.999685
824156 0.999687
830490 0.99969
836921 0.999692
843453 0.999695
850088 0.999697
856827 0.9997
863675 0.999702
870633 0.999705
877704 0.999708
884890 0.99971
892196 0.999713
899623 0.999715
907174 0.999718
914854 0.99972
922664 0.999723
930609 0.999725
938693 0.999728
946917 0.99973
955288 0.999733
963807 0.999735
972480 0.999738
981310 0.99974
990302 0.999743
999461 0.999745
1008790 0.999748
1018296 0.99975
1027982 0.999753
1037854 0.999755
1047917 0.999758
1058178 0.99976
1068642 0.999763
1079314 0.999766
1090202 0.999768
1101312 0.999771
1112651 0.999773
1124225 0.999776
1136043 0.999778
1148112 0.999781
1160440 0.999783
1173036 0.999786
1185908 0.999788
1199066 0.999791
1212519 0.999793
1226277 0.999796
1240351 0.999798
1254752 0.999801
1269492 0.999803
1284581 0.999806
1300034 0.999808
1315863 0.999811
1332082 0.999813
1348706 0.999816
1365751 0.999818
1383231 0.999821
1401165 0.999823
1419570 0.999826
1438465 0.999829
1457870 0.999831
1477805 0.999834
1498294 0.999836
1519358 0.999839
1541023 0.999841
1563315 0.999844
1586261 0.999846
1609891 0.999849
1634235 0.999851
1659327 0.999854
1685202 0.999856
1711896 0.999859
1739450 0.999861
1767905 0.999864
1797307 0.999866
1827703 0.999869
1859145 0.999871
1891687 0.999874
1925389 0.999876
1960314 0.999879
1996529 0.999881
2034108 0.999884
2073128 0.999887
2113675 0.999889
2155839 0.999892
2199720 0.999894
2245424 0.999897
2293067 0.999899
2342777 0.999902
2394689 0.999904
2448954 0.999907
2505735 0.999909
2565212 0.999912
2627581 0.999914
2693059 0.999917
2761883 0.999919
2834317 0.999922
2910653 0.999924
2991214 0.999927
3076362 0.999929
3166500 0.999932
3262080 0.999934
3363608 0.999937
3471660 0.999939
3586885 0.999942
3710020 0.999945
3841911 0.999947
3983524 0.99995
4135977 0.999952
4300563 0.999955
4478791 0.999957
4672430 0.99996
4883570 0.999962
5114695 0.999965
5368784 0.999967
5649438 0.99997
5961053 0.999972
6309051 0.999975
6700199 0.999977
7143054 0.99998
7648594 0.999982
8231141 0.999985
8909743 0.999987
9710291 0.99999
10668901 0.999992
11837511 0.999995
13293619 0.999997
15158197 1
